
 45 7
 23 17
 32 50
 92 71
 150 88
 146 101
 153 112
 161 123
 265 164
 380 157
 265 170
 254 183
 256 210
 263 177
 275 187
 282 240
 487 270
 327 261
 298 268
 310 277
 403 286
 360 450
 331 311
 354 325
 335 327
 392 334
 473 343
 401 353
 360 375
 381 377
 641 528
 571 478
 759 471
 709 542
 719 571
 745 559
 756 604
 769 694
 707 410
 880 433
 566 469
 631 414
 567 407
 552 381
 430 329
 434 330
 429 315
 429 351
 440 321
 441 358
 442 338
 454 359
 412 293
 416 313
 545 311
 451 394
 406 362
 432 822
 611 416
 400 308
 401 375
 469 268
 414 282
 380 279
 374 293
 523 324
 537 357
 497 314
 479 314
 456 301
 450 334
 460 331
 540 443
 727 536
 595 336
 462 331
 452 281
 430 289
 420 304
 423 301
 424 291
 434 296
 423 287
 433 307
 452 317
 479 330
 466 324
 464 333
 442 323
 433 304
 444 337
 507 989
 918 328
 451 300
 447 328
 460 342
 476 365
 481 391
 479 365
 473 353
 464 318
 453 331
 456 341
 461 324
 518 368
 514 365
 539 371
 1071 709
 630 494
 592 403
 523 382
 492 378
 500 367
 501 373
 498 390
 487 378
 517 417
 586 419
 582 431
 568 411
 572 437
 677 607
 642 412
 599 400
 541 399
 550 423
 572 424
 614 425
 605 445
 578 416
 568 389
 732 545
 715 482
 695 493
 747 514
 759 569
 775 522
 752 566
 746 520
 783 545
 783 546
 816 567
 814 536
 899 638
 929 796
 824 569
 787 833
 1361 601
 938 577
 775 554
 695 517
 710 498
 704 567
 754 575
 992 954
 812 560
 1018 899
 1929 534
 809 550
 785 596
 864 801
 1091 779
 1233 598
 832 603
 728 642
 1151 765
 1022 629
 825 609
 910 586
 889 578
 750 598
 1029 810
 879 667
 1097 848
 1236 1976
 804 583
 1095 794
 1158 846
 1073 665
 1016 604
 779 588
 779 648
 1221 1414
 844 602
 811 600
 818 632
 1092 736
 953 697
 871 708
 846 707
 843 768
 936 774
 957 700
 989 682
 884 682
 981 691
 977 641
 954 811
 1002 788
 1025 892
 1164 835
 1126 674
 840 665
 1035 701
 852 685
 850 682
 879 659
 839 668
 858 850
 938 685
 958 680
 934 1135
 1196 756
 904 753
 903 692
 853 715
 843 701
 852 913
 1753 703
 856 938
 1182 905
 917 1045
 1255 885
 886 959
 1373 1118
 2233 825
 1636 1450
 2275 3185
 6468 1231
 1581 1197
 1552 1275
 1611 1162
 1310 1537
 2026 1295
 1301 1043
 1164 1002
 1162 1387
 1889 1553
 2416 1735
 1504 1280
 1713 1219
 1517 1351
 1697 1541
 2633 1336
 1336 1278
 1321 1062
 1111 940
 1221 1201
 1229 980
 1218 1156
 1127 1210
 1177 1262
 1458 1249
 2033 1925
 1601 1267
 1583 1339
 1347 1189
 969 1015
 1222 891
 1043 1071
 1806 908
 1044 860
 1598 1281
 1481 1166
 1481 1046
 1354 1330
 1414 1092
 1390 1063
 1364 1078
 1531 1123
 1432 1095
 1371 1040
 1294 977
 1320 1019
 1391 1083
 1783 1258
 1780 1206
 1407 1136
 1413 1071
 1460 1070
 1362 1370
 1413 1087
 1454 1176
 1757 1214
 1586 1139
 1509 1356
 1807 1282
 1777 1223
 1860 1309
 1826 1359
 2114 1188
 1450 1178
 1476 1139
 1482 1186
 1409 1139
 1404 1452
 1382 1171
 1464 1108
 1352 1368
 1513 1087
 1526 1059
 1429 1174
 1440 1232
 1563 1131
 1556 1282
 2112 1527
 1897 1198
 1556 1526
 1820 1082
 1330 1079
 1557 1198
 1388 1091
 1396 1097
 1363 1137
 1423 1094
 1401 1082
 1713 1307
 1354 1079
 1324 1101
 1343 1129
 1337 1101
 1314 1113
 1626 1184
 1381 1140
 1422 1189
 1502 1127
 1402 1157
 1395 1987
 1671 1134
 1380 1122
 1350 1137
 1383 1264
 1494 1378
 2010 1245
 1791 1494
 1671 1341
 1352 1203
 1509 2081
 2287 1316
 1513 1219
 1523 1284
 1671 1992
 46814 1745
 1980 1883
 2293 1994
 1793 1441
 2086 1478
 1687 1417
 2438 1607
 1689 1410
 1832 1432
 1705 1452
 1775 1565
 1953 1596
 2098 2432
 2980 1998
 2697 2031
 2776 2284
 2759 2538
 2819 1924
 3081 1774
 2223 1732
 2262 1831
 2332 1723
 2183 1724
 2146 1707
 2162 2033
 2241 1739
 2021 1565
 1881 1539
 1924 1613
 1840 1254
 1448 1213
 1482 1261
 1463 1227
 1435 1521
 1455 1210
 1405 1203
 1407 1148
 1222 1035
 1207 1099
 1798 1356
 1379 1101
 1251 1115
 1377 1330
 1291 1097
 1240 1478
 1526 1286
 1293 1140
 1312 1202
 1451 1234
 1295 1135
 1468 1219
 1441 1147
 1242 1136
 1324 1253
 1373 1135
 1332 1182
 1370 1392
 1343 1126
 1288 1180
 1424 1252
 1265 32311
 1470 1291
 1595 1282
 1494 1210
 1335 1261
 1387 1174
 1356 1180
 1388 1259
 1359 1229
 1318 1192
 1405 1226
 1345 1175
 1319 1243
 1405 1187
 1292 1202
 1343 1269
 1368 1248
 1309 1225
 1405 1243
 1324 1194
 1364 1248
 1391 1239
 1504 1240
 1381 1257
 1407 1279
 1481 1304
 1417 1294
 1477 1314
 1428 1314
 1453 1300
 1438 1308
 1482 1294
 1463 1336
 1455 1321
 1465 1311
 1464 1315
 1473 1334
 1472 1459
 1467 1344
 1469 1335
 1464 1325
 1468 1339
 1491 1344
 1476 1354
 1466 1329
 1477 1340
 1482 1323
 1476 1397
 1474 1361
 1482 1332
 1477 1345
 1482 1360
 1478 1550
 1500 1357
 1489 1365
 1478 1368
 1484 1378
 1524 1382
 1498 1364
 1486 1366
 1422 1347
 1005 1353
 1461 1361
 1488 1370
 1479 1391
 1530 1373
 1491 1375
 1495 1430
 1471 1406
 1055 1386
 1021 1389
 1474 1400
 1498 1417
 1564 1392
 1538 1432
 1502 1391
 1508 1408
 1442 1400
 1056 1421
 1477 1414
 1504 1415
 1489 1412
 1544 1422
 1529 1411
 1507 1417
 1449 1418
 1038 1423
 1048 1432
 1490 1587
 1503 1439
 1518 1460
 1569 1443
 1517 1446
 1574 1449
 1457 1448
 1064 1450
 1842 1467
 1513 1477
 1569 1468
 1566 1457
 1529 1456
 1634 1502
 1532 1664
 1134 1526
 1103 1519
 1581 1541
 1596 1464
 1535 1597
 1576 1446
 1530 1461
 1535 1449
 1505 1466
 1082 1497
 1513 1484
 1521 1482
 1521 1478
 1588 1513
 1644 1498
 1532 1469
 1494 1487
 1082 1499
 1082 1499
 2538 2001
 2361 1817
 2212 1811
 2291 1993
 2214 1809
 2218 1818
 2159 1838
 1811 1834
 2203 1836
 2219 1899
 2231 1912
 2318 1830
 2235 1819
 2239 1817
 2267 1918
 1794 1863
 1785 1852
 2240 1862
 2959 1903
 2257 1888
 2324 1860
 2329 1870
 2264 1850
 2188 1897
 1795 1995
 2249 1903
 2266 1893
 2241 1894
 2346 1909
 2252 1893
 2245 1868
 2190 2064
 1811 1928
 1804 1903
 2260 1899
 2332 1918
 2290 1900
 2354 1911
 2256 2217
 2338 1931
 2219 1939
 1858 1945
 2323 1947
 2284 1927
 2258 1957
 2324 1985
 2272 1930
 2278 1907
 2239 1932
 2005 1959
 1838 1946
 1834 1938
 1847 2033
 1840 1953
 1830 1943
 1819 1922
 2230 1981
 2354 1958
 2299 1936
 2225 2000
 1850 1988
 1874 1969
 1850 1970
 1847 2013
 1844 1980
 1841 1980
 1831 1986
 2357 2025
 2380 1954
 2302 1933
 2247 2058
 1882 2007
 1853 1999
 1850 1976
 1932 2003
 1876 2001
 1854 1990
 1857 1986
 2258 2006
 2389 1999
 2311 2031
 2341 2043
 1865 2038
 1883 2003
 1858 2140
 1904 2025
 1874 2031
 1856 2002
 1879 2474
 2246 2028
 2398 2005
 2320 2260
 2281 2045
 1888 2125
 1900 2036
 2373 2523
 2464 2466
 3091 2353
 2316 2345
 2277 2306
 2914 2548
 2890 2346
 2757 2361
 2603 2309
 2188 2274
 2134 2278
 2256 2468
 2121 2168
 2122 2191
 2091 2199
 1707 1893
 2074 2277
 2182 1940
 2539 1974
 2099 2169
 1824 1946
 1927 2151
 1770 2002
 1985 1964
 1777 2130
 2082 1950
 1915 2115
 2106 2033
 2443 1983
 2285 2121
 2137 2026
 1955 2122
 1819 2150
 1886 1974
 1889 2097
 1892 2019
 1949 2043
 1840 2083
 2237 2040
 2418 2106
 2233 2088
 2263 2156
 1972 2100
 1926 2124
 1931 2158
 2204 2178
 2006 2235
 1958 2143
 1953 49369
 2338 2155
 2484 2152
 2417 2166
 2339 2292
 1948 2170
 1921 2159
 2198 2253
 1980 2186
 1946 2284
 2094 2269
 1987 2178
 2336 2190
 2485 2292
 2409 2172
 2348 2188
 1984 2209
 1964 2183
 1963 2175
 1979 2188
 2462 2267
 1994 2203
 1974 2179
 2507 2209
 2386 2258
 1968 2204
 1980 2245
 1992 2237
 1987 2214
 1981 2212
 2024 2221
 1998 2199
 2412 2201
 2573 2231
 2389 2237
 1971 2217
 2008 2257
 1988 2239
 2004 2213
 1990 2228
 2130 2322
 2437 2295
 2541 2246
 2474 2251
 2015 2261
 1998 2238
 2427 2268
 2040 2246
 2038 2279
 2008 2274
 2009 2248
 2520 2454
 2474 2457
 2425 2243
 2031 2267
 2269 2402
 2121 2368
 2108 2319
 2101 2284
 2526 2284
 2079 2278
 2546 2295
 2446 2280
 2027 2268
 2014 2286
 2321 2315
 2045 2305
 2034 2286
 2038 2342
 2031 2283
 2538 2317
 2435 2397
 2041 2306
 2042 2284
 2031 2331
 2041 2328
 2067 2322
 2051 2305
 2164 2348
 2546 2309
 2432 2316
 2079 2323
 2059 2329
 2049 2313
 2073 2347
 2063 2358
 2045 2327
 2042 2389
 2569 2332
 2455 2328
 2056 2384
 2064 2351
 2069 2414
 2102 2404
 2073 2382
 2083 2347
 2064 2339
 2562 2355
 2592 2365
 2453 2336
 2333 2385
 2083 2383
 2102 2342
 2121 2376
 2092 2349
 2083 2385
 2528 2414
 2582 2349
 2480 2479
 2193 2406
 2103 2393
 2092 2384
 2111 2418
 2111 2372
 2097 2361
 2102 2522
 2600 2370
 2570 2385
 2520 2417
 2103 2375
 2105 2364
 2106 2456
 2121 2394
 2100 2396
 2470 2499
 2205 2414
 2624 2418
 2510 2519
 2151 2428
 2128 2411
 2111 2420
 2107 2443
 2123 2432
 2128 2646
 2134 2458
 2214 2425
 2500 2462
 2120 2439
 2143 2432
 2126 2590
 2194 2449
 2164 2442
 2124 2481
 2632 2449
 2520 2457
 2118 2556
 2811 2996
 2747 2839
 2882 2890
 2558 2769
 2927 2808
 2570 2741
 2592 2772
 3098 2625
 2848 2625
 2422 2861
 2530 2764
 2476 2687
 2423 2521
 1900 2247
 2606 2428
 2256 2692
 2061 2268
 2278 2367
 1993 2616
 2028 2366
 2212 2349
 2180 3342
 2389 2331
 2206 2562
 2132 2771
 2531 2402
 2686 2325
 2464 2641
 2013 2614
 2140 2463
 2232 2739
 2250 2491
 2333 2541
 2515 2965
 2054 2605
 2132 2562
 2500 2503
 2404 2608
 2367 2804
 2300 2906
 2694 2699
 2652 2567
 2588 2581
 2561 2693
 2243 2740
 2336 2866
 2328 2618
 2405 2572
 2822 2578
 2491 2696
 2774 2860
 2790 2866
 2248 2722
 2347 2583
 2721 2613
 2441 2662
 2272 2942
 2859 2777
 2632 2724
 2327 3036
 2481 2760
 2389 2620
 2236 3563
 2275 2942
 2285 2882
 2499 2644
 2264 2619
 2762 2768
 3002 2614
 2632 2649
 2240 2772
 2373 2654
 2588 2620
 2375 2643
 2373 2650
 2332 2947
 2755 2695
 2368 2633
 2744 2696
 2394 2751
 2264 2727
 2255 3005
 2302 2809
 2855 2664
 2837 2639
 2358 2826
 2287 2810
 2257 2983
 2309 2896
 2273 3255
 2710 2834
 2664 2673
 2603 2667
 2775 2715
 3092 3008
 2287 2827
 2284 2822
 2385 2780
 2732 2794
 2478 2898
 2285 2742
 2271 2814
 2350 4274
 2314 2716
 2289 2674
 2524 2784
 2302 2697
 2297 2756
 2456 2799
 2446 2699
 2607 2747
 2652 2768
 2322 2992
 2408 3112
 2313 2877
 2359 2748
 2610 2785
 2589 2744
 2447 2969
 2352 3177
 2336 2969
 2484 2859
 2538 2736
 2503 2900
 2630 2752
 2794 2792
 3009 2822
 2327 3165
 2339 2964
 2348 2840
 2382 2855
 2548 2769
 2973 2769
 2691 2793
 2497 2771
 2299 3005
 2640 2965
 2372 2786
 2487 2854
 2678 2761
 2398 2761
 2305 2939
 2478 2895
 2426 2913
 2369 3125
 2523 2866
 2458 2878
 2963 2786
 2728 2780
 2306 2806
 2374 2811
 2328 2778
 2372 2881
 2383 2814
 2330 2807
 2329 2910
 2349 2793
 2332 2816
 2783 2936
 2446 2817
 2337 2868
 2330 2940
 2353 2843
 2332 2874
 2415 2845
 2380 2829
 2590 2837
 2336 3151
 2478 2957
 2424 2853
 2775 2805
 2927 3405
 2981 3591
 3216 3148
 2747 3101
 3618 3893
 3763 3575
 3112 3161
 2758 3323
 2569 3840
 2519 2929
 2576 2998
 2747 3106
 2539 2609
 2777 2667
 2392 2858
 2211 2808